35
3
108
162
93
139
90
66
112
48
151
103
86
45
29
66
150
152
50
112
180
86
145
63
138
19
105
54
124
167
152
45
191
58
120
100
133
80
74
132
123
192
178
197
29
180
93
1
156
71
49
22
113
44
184
149
59
46
24
74
34
37
143
145
96
107
113
28
126
130
134
71
79
118
189
188
109
148
34
159
127
105
99
54
118
131
132
148
74
171
42
87
56
200
99
87
50
33
101
122
68
65
76
27
137
179
144
196
55
196
41
111
13
65
148
130
138
90
28
166
176
165
155
155
89
47
15
79
20
102
139
77
48
112
92
62
29
73
117
140
187
137
93
79
131
131
75
192
52
169
149
160
6
135
147
103
111
122
138
91
165
65
176
153
58
164
64
101
174
87
102
66
174
89
180
40
72
77
24
158
173
24
28
52
154
180
72
114
166
189
152
108
135
27
175
122
161
140
21
168
68
174
18
166
68
84
187
118
156
108
31
35
98
181
118
142
37
125
200
78
93
150
135
185
136
194
132
148
114
58
79
132
56
57
91
199
6
63
184
71
193
155
159
58
159
117
10
155
109
34
85
37
141
144
75
118
40
34
30
74
152
40
4
98
30
99
180
42
90
119
137
175
141
130
86
139
192
78
27
19
184
178
39
81
173
42
192
112
182
173
160
172
33
110
119
154
151
61
29
60
138
169
65
190
97
111
97
12
58
137
126
163
8
11
90
175
1
123
126
188
108
68
60
118
159
165
142
31
11
133
188
132
49
167
82
16
114
49
184
63
146
181
55
46
48
198
165
22
21
144
153
28
136
41
153
70
109
147
32
133
169
66
1
126
149
195
114
41
130
75
62
153
140
63
43
127
14
14
71
162
200
120
11
67
180
160
196
8
14
13
107
167
18
51
94
80
180
129
98
53
85
125
93
146
83
200
89
73
199
26
57
96
77
70
134
50
56
134
146
189
199
107
27
118
168
96
136
89
170
164
148
86
116
18
78
76
28
65
185
181
72
124
10
189
157
12
90
148
118
44
24
46
183
110
54
178
98
176
179
187
65
1
103
35
79
171
180
60
193
59
23
191
150
166
117
76
97
39
161
156
6
188
171
127
140
102
103
7
164
100
178
52
86
198
116
72
21
175
110
186
33
31
156
60
22
33
97
17
193
179
82
59
15
24
181
78
30
177
96
177
69
173
96
94
81
171
106
152
51
46
55
123
129
176
124
176
33
112
105
107
6
86
15
186
19
119
38
63
17
39
43
45
80
134
117
60
136
62
179
52
128
145
167
148
124
159
131
39
100
6
46
119
72
189
171
183
158
111
76
162
134
43
136
13
3
11
44
196
59
64
41
171
133
54
179
62
119
68
62
60
189
199
164
12
193
125
173
91
163
135
102
25
187
18
118
86
10
155
145
114
116
136
181
37
165
75
186
19
10
110
64
91
49
17
174
136
80
124
20
79
38
153
33
125
162
16
184
116
136
94
53
165
124
148
144
54
18
127
47
119
139
154
81
53
71
12
177
171
44
183
6
86
136
66
76
163
103
56
75
150
92
71
84
117
58
100
167
102
73
120
118
153
78
102
141
85
73
180
54
151
40
14
72
153
89
167
29
59
72
181
152
162
53
97
27
69
70
165
196
172
45
75
98
125
66
54
8
35
126
192
91
124
3
125
110
79
199
132
29
91
71
109
30
93
169
156
101
181
75
72
15
109
185
83
106
165
116
148
87
36
160
195
133
81
90
28
160
128
187
149
70
139
136
105
101
136
46
6
156
111
153
27
161
54
177
183
139
120
20
146
164
52
45
194
132
76
177
149
3
141
196
173
194
126
3
77
173
80
183
170
120
110
192
177
83
133
35
80
105
108
89
41
109
42
186
18
94
143
174
25
160
97
3
16
115
181
33
35
52
101
10
60
137
50
27
54
61
69
111
199
42
97
45
95
52
156
64
153
140
185
183
30
107
158
11
23
107
177
63
103
100
200
29
4
98
30
104
60
16
133
158
26
33
175
184
63
53
108
164
160
117
81
95
67
119
181
154
180
40
4
147
85
6
9
99
42
69
42
198
23
52
5
137
8
28
157
198
132
175
148
171
199
13
103
186
20
105
162
85
118
77
125
21
12
186
74
21
24
76
142
195
12
111
142
109
113
144
88
40
163
183
22
5
92
34
149
72
104
24
80
138
108
157
80
146
128
184
126
23
154
137
175
56
34
154
160
88
72
195
74
76
18
122
123
136
55
120
129
179
38
2
117
1
197
5
87
55
32
196
182
